4, -60, 106
4.499, -60.033, 106
4.998, -60.067, 106
5.497, -60.099, 106
5.996, -60.131, 106
6.495, -60.162, 106
6.994, -60.192, 106
7.493, -60.222, 106
7.992, -60.251, 106
8.491, -60.278, 106
8.991, -60.306, 106
9.49, -60.332, 106
9.989, -60.358, 106
10.489, -60.383, 106
10.988, -60.407, 106
11.488, -60.43, 106
11.987, -60.453, 106
12.487, -60.474, 106
12.986, -60.494, 106
13.486, -60.513, 106
13.985, -60.532, 106
14.485, -60.55, 106
14.985, -60.566, 106
15.485, -60.582, 106
15.984, -60.596, 106
16.484, -60.61, 106
16.984, -60.622, 106
17.484, -60.633, 106
17.984, -60.643, 106
18.484, -60.652, 106
18.984, -60.66, 106
19.484, -60.666, 106
19.984, -60.671, 106
20.484, -60.675, 106
20.984, -60.677, 106
21.484, -60.678, 106
21.984, -60.678, 106
22.484, -60.676, 106
22.984, -60.673, 106
23.484, -60.668, 106
23.984, -60.662, 106
24.483, -60.653, 106
24.983, -60.644, 105.522
25.483, -60.633, 104.949
25.983, -60.619, 104.373
26.483, -60.604, 103.794
26.983, -60.587, 103.211
27.482, -60.568, 102.625
27.982, -60.547, 102.036
28.481, -60.524, 101.443
28.981, -60.5, 100.847
29.48, -60.472, 100.247
29.979, -60.442, 99.644
30.478, -60.411, 99.037
30.977, -60.377, 98.426
31.475, -60.339, 97.812
31.974, -60.3, 97.193
32.472, -60.258, 96.571
32.97, -60.213, 95.944
33.468, -60.165, 95.314
33.965, -60.114, 94.679
34.462, -60.06, 94.04
34.959, -60.002, 93.397
35.455, -59.941, 92.749
35.951, -59.877, 92.096
36.446, -59.809, 91.439
36.941, -59.737, 90.777
37.435, -59.661, 90.111
37.929, -59.581, 89.439
38.422, -59.497, 88.762
38.914, -59.408, 88.08
39.405, -59.314, 87.393
39.895, -59.215, 86.7
40.384, -59.111, 86.002
40.872, -59.002, 85.298
41.358, -58.886, 84.588
41.843, -58.764, 83.872
42.327, -58.637, 83.15
42.808, -58.502, 82.422
43.288, -58.361, 81.687
43.765, -58.212, 80.945
44.24, -58.056, 80.197
44.712, -57.891, 79.442
45.181, -57.717, 78.679
45.647, -57.535, 77.909
46.109, -57.344, 77.131
46.566, -57.142, 76.345
47.019, -56.93, 75.551
47.466, -56.707, 74.749
47.908, -56.472, 73.938
48.343, -56.226, 73.118
48.771, -55.967, 72.288
49.19, -55.695, 71.449
49.601, -55.411, 71
50.002, -55.112, 71
50.392, -54.799, 71
50.772, -54.473, 71
51.137, -54.132, 71
51.489, -53.777, 71
51.827, -53.409, 71
52.15, -53.027, 71
52.456, -52.632, 70.826
52.745, -52.224, 69.969
53.017, -51.804, 69.102
53.272, -51.374, 68.224
53.509, -50.934, 67.334
53.728, -50.485, 66.433
53.93, -50.027, 65.519
54.116, -49.563, 64.592
54.284, -49.092, 63.652
54.437, -48.616, 62.697
54.574, -48.136, 61.728
54.698, -47.651, 60.743
54.808, -47.163, 59.742
54.906, -46.673, 58.724
54.992, -46.18, 57.689
55.066, -45.686, 56.634
55.131, -45.19, 55.559
55.187, -44.693, 54.463
55.233, -44.196, 53.344
55.272, -43.697, 52.201
55.304, -43.198, 51.033
55.329, -42.699, 49.838
55.349, -42.199, 48.613
55.363, -41.699, 47.356
55.372, -41.199, 46.065
55.378, -40.7, 44.737
55.379, -40.2, 43.368
55.377, -39.7, 41.955
55.373, -39.2, 40.492
55.366, -38.7, 38.974
55.357, -38.2, 37.395
55.347, -37.7, 35.746
55.335, -37.2, 34.017
55.323, -36.7, 32.196
55.309, -36.2, 30.265
55.296, -35.7, 28.203
55.283, -35.201, 25.977
55.27, -34.701, 23.541
55.258, -34.201, 20.823
55.246, -33.701, 17.691
55.236, -33.201, 13.87
55.227, -32.701, 8.472
55.222, -32.404, 0
55.222, -32.404, 0
54.905, -12.406, 0
endData
120.6
106
200
4, -60, 59.413, -63.789, 55.496, -51.317, 55.222, -32.404
#PATH.JERRYIO-DATA {"appVersion":"0.5.1","format":"LemLib v0.4.x (inch, byte-voltage)","gc":{"robotWidth":12.5,"robotHeight":11.5,"robotIsHolonomic":false,"showRobot":true,"uol":2.54,"pointDensity":0.5,"controlMagnetDistance":1.968503937007874,"fieldImage":{"displayName":"VRC 2024 - Over Under","signature":"VRC 2024 - Over Under","origin":{"__type":"built-in"}}},"paths":[{"segments":[{"controls":[{"uid":"78RKhfSFT3","x":4,"y":-60,"lock":false,"visible":true,"heading":270,"__type":"end-point"},{"uid":"WonvAEV1T9","x":59.41326614888065,"y":-63.78918063986747,"lock":false,"visible":true,"__type":"control"},{"uid":"zTkCAYpS3X","x":55.49633910469785,"y":-51.31686031496961,"lock":false,"visible":true,"__type":"control"},{"uid":"sY769iS7R9","x":55.221978899354404,"y":-32.403673496976666,"lock":false,"visible":true,"heading":180,"__type":"end-point"}],"speedProfiles":[],"lookaheadKeyframes":[],"uid":"ihesLTcvqR"}],"pc":{"speedLimit":{"minLimit":{"value":0,"label":"0"},"maxLimit":{"value":127,"label":"127"},"step":1,"from":71,"to":106},"bentRateApplicableRange":{"minLimit":{"value":0,"label":"0"},"maxLimit":{"value":1,"label":"1"},"step":0.01,"from":0.35,"to":0.48},"maxDecelerationRate":120.6},"name":"Path","uid":"bcN1cAd4L3","lock":false,"visible":true},{"segments":[{"controls":[{"uid":"K22VwyQldG","x":-38.25,"y":-62,"lock":false,"visible":true,"heading":90,"__type":"end-point"},{"uid":"2gCSc9PjyA","x":-52.638541014402,"y":-55.55912126904614,"lock":false,"visible":true,"__type":"control"},{"uid":"X3Rt6zASlr","x":-55,"y":-52.72176998538929,"lock":false,"visible":true,"__type":"control"},{"uid":"ALDc1Rn7X3","x":-55.47589229805886,"y":-28.888019202671682,"lock":false,"visible":true,"heading":0,"__type":"end-point"}],"speedProfiles":[],"lookaheadKeyframes":[],"uid":"hEkbKqPx2R"}],"pc":{"speedLimit":{"minLimit":{"value":0,"label":"0"},"maxLimit":{"value":127,"label":"127"},"step":1,"from":20,"to":100},"bentRateApplicableRange":{"minLimit":{"value":0,"label":"0"},"maxLimit":{"value":1,"label":"1"},"step":0.01,"from":0.35,"to":0.45},"maxDecelerationRate":127},"name":"Path","uid":"EzqOXTZyZ0","lock":false,"visible":true}]}